 146 270
 147 308
 147 344
 151 380
 165 414
 193 440
 228 462
 264 481
 303 488
 341 484
 372 466
 401 444
 423 418
 436 386
 441 351
 446 317
 450 282
 183 255
 201 232
 230 219
 263 219
 293 230
 335 230
 366 221
 398 226
 425 244
 437 271
 313 256
 313 275
 312 294
 312 315
 279 335
 294 339
 310 343
 325 341
 339 337
 219 264
 235 254
 254 255
 272 266
 253 269
 234 269
 347 270
 367 259
 386 261
 401 272
 385 275
 366 273
 242 380
 269 374
 293 371
 308 374
 323 371
 346 375
 369 382
 346 394
 324 398
 308 398
 292 397
 269 392
 252 381
 292 382
 308 383
 323 381
 359 382
 324 382
 309 382
 293 382
   0   0
   0 800
 600   0
 600 800
 300   0
   0 400
 600 400
 800 300
