 156 362
 159 406
 167 450
 177 493
 190 534
 215 573
 248 606
 288 630
 333 635
 374 623
 405 591
 428 553
 444 511
 452 471
 458 430
 464 388
 464 347
 182 340
 201 314
 233 303
 265 307
 296 315
 345 309
 373 297
 402 293
 431 302
 447 326
 325 344
 330 375
 336 406
 340 438
 301 459
 318 464
 335 468
 349 463
 362 457
 219 352
 236 336
 260 336
 278 354
 259 361
 235 362
 358 351
 376 331
 400 329
 416 345
 403 356
 379 357
 265 511
 291 507
 315 502
 332 507
 348 502
 369 506
 391 509
 371 532
 351 544
 333 547
 315 545
 291 534
 276 514
 315 518
 332 519
 349 517
 382 513
 350 518
 333 522
 316 519
 485 318
 326 696
 65 721
 586 730
   0   0
   0 399
   0 799
 299 799
 599 799
 599 399
 599   0
 299   0