 129 345
 130 381
 135 416
 143 454
 152 493
 169 528
 194 560
 222 589
 259 596
 303 591
 352 571
 398 543
 435 509
 457 466
 469 419
 472 369
 471 321
 129 309
 137 291
 159 287
 183 292
 207 303
 259 298
 290 283
 323 275
 357 279
 386 295
 234 331
 232 355
 229 380
 226 406
 212 429
 224 434
 237 438
 252 434
 267 429
 161 339
 174 329
 192 328
 208 338
 192 342
 174 343
 291 335
 307 323
 327 321
 347 330
 329 336
 309 336
 199 485
 211 473
 225 467
 239 471
 253 467
 280 472
 311 481
 282 495
 256 502
 241 504
 227 502
 214 497
 208 485
 226 481
 240 483
 254 481
 301 482
 254 484
 240 486
 226 484
 484 350
 283 634
 162 686
 595 670
   0   0
   0 399
   0 799
 299 799
 599 799
 599 399
 599   0
 299   0