173 239
164 277
165 309
176 339
185 353
206 383
223 404
238 418
263 429
287 427
313 420
346 405
386 382
408 358
424 338
434 302
438 265
183 182
199 175
218 178
235 184
251 198
301 209
325 202
350 201
372 203
398 214
275 268
270 286
264 306
256 325
238 341
245 344
253 347
263 346
274 344
185 237
204 219
225 224
237 269
214 266
195 257
314 279
336 241
365 241
392 261
367 278
339 281
208 336
224 352
242 359
255 364
270 364
294 365
322 362
297 373
272 380
255 380
242 377
228 366
225 356
242 363
255 367
271 368
304 367
272 371
255 371
242 366
478 303
228 501
130 529
431 560
0 0
0 399
0 799
299 799
599 799
599 399
599 0
299 0