151 339
148 367
147 395
157 425
179 449
204 467
229 481
255 492
286 500
315 490
344 477
370 461
388 438
399 415
405 386
404 360
401 333
161 274
182 279
204 285
225 291
245 297
267 285
293 275
321 265
347 256
377 247
247 307
247 340
246 371
224 374
230 387
234 392
240 397
246 392
250 387
163 343
177 312
217 315
241 342
227 369
184 376
286 335
297 304
348 295
370 330
357 360
311 368
270 413
289 413
307 411
326 404
343 396
356 386
370 374
371 393
360 412
340 425
315 430
288 429
296 422
317 418
334 413
349 405
367 384
349 406
334 414
317 419
450 357
378 494
207 588
580 500
0 0
0 399
0 799
299 799
599 799
599 399
599 0
299 0