131 398
127 434
127 474
157 508
179 528
212 548
235 558
265 565
312 574
368 559
395 545
413 527
435 513
453 488
462 450
462 412
461 377
177 355
196 353
226 359
241 363
273 372
343 369
370 360
383 348
402 344
422 336
309 374
313 397
313 431
316 443
280 461
297 465
322 467
334 464
348 455
206 383
226 383
245 384
269 391
248 406
223 406
341 393
361 385
385 378
400 368
398 404
372 407
240 464
263 477
300 480
316 482
329 484
337 483
368 473
365 486
353 489
328 491
317 494
294 498
255 481
269 481
284 488
306 488
325 488
352 482
333 495
313 495
505 360
313 587
126 592
499 454
0 0
0 399
0 799
299 799
599 799
599 399
599 0
299 0