76 448
78 489
91 523
104 551
123 575
148 596
184 618
238 641
312 651
389 638
430 622
458 606
482 588
503 568
523 541
535 512
541 476
142 442
149 397
194 371
229 377
272 416
380 413
397 383
438 368
479 381
499 413
338 459
344 465
351 471
368 479
332 476 
329 490
325 505
341 505
354 498
148 447
164 388
242 388
272 442
231 461
181 460
376 436
402 386
475 384
498 426
461 454
422 457
255 545
275 549
293 551
317 552
339 549
359 544
380 536
357 569
346 592
317 606
288 597
266 575
260 550
286 556
315 558
338 554
365 546
345 585
317 601
280 585
542 432
294 665
112 667
483 603
0 0
0 399
0 799
299 799
599 799
599 399
599 0
299 0
