180 344
188 374
199 409
221 438
235 461
273 483
299 499
339 516
397 533
423 522
437 508
469 478
485 451
503 423
517 402
521 374
522 343
220 315
252 292
296 284
320 285
347 290
410 275
425 262
456 243
475 242
500 259
376 322
382 346
393 371
397 392
356 402
369 403
399 411
411 407
419 400
267 328
280 318
317 312
337 318
321 343
282 345
415 316
424 285
453 278
479 286
471 307
440 325
321 446
345 440
367 437
388 438
408 436
430 438
438 443
418 465
412 476
385 483
362 483
347 469
346 451
367 452
382 452
403 452
416 450
407 459
390 465
377 465
546 325
357 536
175 538
506 519
0 0
0 399
0 799
299 799
599 799
599 399
599 0
299 0