179 262
165 305
156 348
160 380
170 413
187 449
216 482
243 503
299 514
349 506
388 479
418 451
440 425
448 387
449 347
444 293
433 245
219 188
230 175
251 174
271 184
292 195
329 209
359 197
387 191
406 205
414 223
308 222
308 240
308 263
310 288
267 300
286 308
309 314
338 311
358 306
224 241
249 229
267 236
278 247
262 251
243 249
342 250
359 240
380 239
394 253
382 255
360 255
218 333
253 344
285 355
306 359
328 354
361 353
398 346
382 372
335 401
302 401
273 399
234 372
231 352
274 373
298 376
331 373
377 362
333 384
306 392
278 387
508 195
304 535
57 357
547 419
0 0
0 399
0 799
299 799
599 799
599 399
599 0
299 0