124 369
140 439
147 478
160 514
176 545
195 575
213 606
237 637
280 637
330 632
350 609
375 579
403 555
415 538
433 507
464 449
473 368
122 200
142 170
165 170
193 192
223 212
286 208
348 208
384 208
420 216
454 245
252 286
252 323
247 378
244 402
198 421
227 430
247 435
274 434
305 429
141 307
152 247
189 251
215 305
196 322
165 321
327 321
351 262
381 261
414 295
390 329
366 334
196 485
225 484
252 480
281 477
294 476
340 475
369 463
333 497
305 512
286 520
258 512
227 507
224 491
259 486
270 485
290 484
337 483
264 498
273 498
295 494
542 347
274 728
29 705
507 741
0 0
0 399
0 799
299 799
599 799
599 399
599 0
299 0