79 363
93 407
111 443
126 478
141 502
162 522
182 543
227 562
254 569
290 564
336 545
368 527
394 503
409 485
434 458
445 425
452 385
110 299
122 283
170 266
182 268
203 282
269 282
286 263
318 251
341 252
363 278
218 328
219 346
217 371
217 392
174 410
191 418
215 421
234 418
258 414
120 346
134 322
166 318
183 345
165 363
136 366
273 345
285 304
317 302
350 314
345 354
319 357
147 458
165 461
182 462
226 465
273 465
292 458
329 448
307 485
266 507
239 517
205 519
175 503
164 477
196 474
233 476
257 470
309 463
256 502
238 503
210 505
489 380
282 594
204 631
379 651
0 0
0 399
0 799
299 799
599 799
599 399
599 0
299 0