   7 235
  17 283
  28 328
  42 374
  68 414
 110 442
 166 458
 223 471
 279 473
 332 465
 377 443
 417 417
 443 381
 454 337
 457 290
 454 243
 447 195
  56 180
  83 157
 121 146
 160 147
 198 155
 275 150
 308 135
 346 128
 383 132
 413 151
 246 185
 253 206
 260 228
 268 251
 221 292
 244 293
 267 295
 288 290
 308 286
 104 213
 127 202
 152 199
 179 207
 154 212
 129 215
 304 199
 327 188
 351 187
 377 194
 354 200
 329 201
 166 360
 207 343
 246 332
 271 335
 293 329
 327 334
 363 347
 331 374
 299 385
 275 388
 248 389
 208 384
 179 360
 246 346
 272 346
 294 343
 350 348
 295 362
 272 365
 247 366
 467 223
 324 564
   5 676
 550 519
   0   0
   0 399
   0 799
 299 799
 599 799
 599 399
 599   0
 299   0