200 541
213 567
202 611
194 648
206 678
232 705
249 714
283 727
309 734
347 720
373 705
393 690
410 674
418 646
419 624
407 592
408 558
191 457
192 449
202 440
212 433
230 429
370 414
380 419
393 424
410 437
412 448
305 547
308 558
309 584
309 616
285 625
292 633
306 637
321 632
332 626
227 553
232 535
257 527
283 552
277 584
248 589
330 574
346 520
372 517
383 539
373 581
338 582
243 652
262 655
289 670
313 670
337 672
359 657
377 648
365 675
327 696
313 700
293 702
262 679
261 667
295 677
312 681
325 681
356 665
321 689
309 691
292 686
448 542
312 739
226 712
401 698
0 0
0 399
0 799
299 799
599 799
599 399
599 0
299 0