168 282
167 330
173 357
189 396
205 420
227 442
250 459
273 475
311 485
347 477
382 456
399 442
422 420
433 404
444 378
450 343
456 315
183 207
200 196
223 199
237 203
258 216
346 219
360 207
377 193
417 192
446 210
301 281
300 306
297 324
299 352
276 359
292 366
302 367
320 370
330 361
188 254
206 254
225 252
250 280
236 284
203 283
344 284
351 266
384 250
417 252
408 279
378 281
240 388
259 388
287 386
299 393
316 387
337 391
367 393
349 420
324 438
302 445
284 442
253 411
262 399
293 404
304 406
318 403
348 397
319 417
301 418
291 421
495 321
317 524
6 598
539 657
0 0
0 399
0 799
299 799
599 799
599 399
599 0
299 0