105 291
102 340
108 404
113 482
119 548
170 552
238 555
285 558
340 558
398 555
457 551
476 513
476 457
480 412
490 355
493 297
501 232
192 164
208 141
237 126
266 132
295 161
304 166
332 134
357 126
392 137
414 167
300 239
299 263
297 284
292 303
292 323
273 327
279 335
294 342
310 335
185 244
224 168
261 167
298 242
252 326
221 322
302 241
342 171
379 173
418 237
383 328
345 329
168 287
183 314
235 352
296 364
348 355
394 327
426 294
395 440
362 495
291 524
260 512
200 446
176 341
191 357
256 393
289 397
351 401
410 345
351 504
254 510
503 273
299 547
103 292
500 317
0 0
0 399
0 799
299 799
599 799
599 399
599 0
299 0