174 378
173 402
163 428
182 457
196 491
214 506
237 533
259 551
293 569
328 553
353 535
371 518
384 504
391 491
402 477
416 456
421 425
167 306
174 285
190 270
209 272
235 278
323 249
352 244
375 242
397 261
404 277
271 345
275 369
273 402
273 431
239 435
252 438
276 443
297 438
317 429
174 350
190 329
223 333
237 380
218 388
191 380
327 389
333 341
374 325
403 340
386 384
363 397
220 476
236 473
258 465
278 470
300 464
326 470
351 470
329 502
300 523
283 526
265 526
243 506
240 483
261 483
284 482
302 481
335 481
302 507
281 512
263 506
477 373
300 599
143 592
428 721
0 0
0 399
0 799
299 799
599 799
599 399
599 0
299 0