 136 331
 141 368
 146 403
 155 437
 171 470
 197 497
 231 519
 268 538
 308 543
 348 535
 381 513
 409 488
 430 458
 440 424
 446 390
 449 356
 449 320
 159 327
 181 305
 214 297
 248 301
 280 311
 319 308
 347 296
 378 290
 409 295
 431 315
 303 327
 306 351
 309 374
 311 398
 275 412
 292 416
 309 421
 324 416
 338 412
 202 334
 219 325
 240 324
 259 336
 240 339
 219 340
 338 334
 355 320
 376 319
 394 328
 378 334
 358 335
 236 445
 262 443
 288 441
 306 445
 324 441
 349 443
 377 444
 351 466
 326 477
 308 479
 289 477
 262 466
 246 447
 288 452
 307 454
 325 451
 367 447
 325 457
 307 460
 289 457
 501 348
 324 567
  44 603
 522 605
   0   0
   0 399
   0 799
 299 799
 599 799
 599 399
 599   0
 299   0