 156 363
 159 407
 168 451
 178 493
 191 535
 217 573
 248 607
 288 632
 333 637
 375 624
 406 592
 428 553
 444 512
 451 471
 457 429
 462 388
 463 347
 182 339
 202 314
 233 302
 265 305
 296 314
 346 309
 374 297
 404 293
 432 302
 448 327
 326 344
 331 375
 336 406
 342 438
 302 459
 319 464
 336 469
 350 464
 362 458
 218 353
 236 337
 261 337
 278 355
 259 362
 235 363
 358 352
 376 332
 400 330
 417 346
 403 357
 379 358
 263 511
 291 507
 316 503
 332 507
 348 502
 369 506
 391 509
 370 532
 351 543
 333 546
 316 545
 291 535
 273 514
 315 518
 332 520
 349 517
 382 512
 349 518
 333 522
 316 520
 500 395
 311 756
  87 716
 550 714
   0   0
   0 399
   0 799
 299 799
 599 799
 599 399
 599   0
 299   0