 154 361
 158 407
 166 452
 177 495
 191 537
 217 575
 249 608
 289 631
 333 635
 375 623
 405 593
 426 555
 443 513
 452 472
 458 430
 463 387
 463 345
 181 339
 201 314
 232 304
 265 307
 296 316
 345 309
 372 297
 402 294
 430 303
 445 328
 325 344
 330 375
 336 406
 341 438
 300 459
 318 464
 335 468
 349 464
 362 457
 218 353
 236 337
 260 336
 278 355
 259 362
 235 363
 357 352
 374 332
 398 329
 415 345
 401 356
 378 357
 262 512
 290 508
 315 503
 332 507
 348 502
 369 506
 391 509
 371 533
 351 545
 333 548
 315 546
 291 536
 273 515
 315 518
 332 520
 349 518
 382 512
 349 519
 332 523
 315 520
 485 318
 326 696
  65 721
 586 730
   0   0
   0 399
   0 799
 299 799
 599 799
 599 399
 599   0
 299   0