 129 344
 129 378
 133 413
 141 451
 150 490
 167 526
 192 558
 221 588
 260 595
 305 591
 353 571
 399 542
 434 507
 454 463
 464 416
 468 367
 467 319
 129 310
 138 292
 159 287
 183 292
 206 303
 260 299
 290 283
 322 275
 356 280
 385 296
 234 330
 232 355
 229 380
 226 406
 213 429
 224 434
 237 438
 252 434
 267 430
 162 338
 175 329
 192 328
 208 337
 192 341
 174 342
 291 333
 308 322
 328 321
 347 329
 330 334
 310 335
 199 484
 210 473
 225 467
 239 470
 252 466
 280 472
 311 482
 282 496
 255 502
 240 504
 226 502
 212 496
 207 485
 226 482
 240 483
 254 482
 301 483
 253 484
 239 485
 226 483
 512 356
 268 663
 154 691
 594 677
   0   0
   0 399
   0 799
 299 799
 599 799
 599 399
 599   0
 299   0